11.583 -3.5809
11.505 -3.2135
15.642 -5.6477
14.741 -5.2833
11.993 -6.7999
11.534 -4.496
11.27 -1.6088
17.996 -7.2315
17.81 -8.6418
15.991 -8.7738
16.207 -4.9836
11.254 -3.2129
14.812 -5.5893
13.912 -6.6894
21.89 -10.295
14.476 -5.2265
19.879 -8.2543
14.172 -5.4359
13.213 -4.2874
18.563 -8.9849
14.581 -7.5481
15.513 -6.7453
16.165 -6.2621
16.88 -5.2635
15.6 -6.3516
13.293 -5.5145
16.327 -6.54
11.945 -5.2969
17.394 -5.6272
13.678 -7.0584
18.05 -7.0602
13.288 -6.1396
15.984 -7.398
14.779 -5.3926
15.339 -6.642
12.325 -3.604
18.464 -7.2771
14.127 -3.0868
12.304 -4.8147
12.098 -2.1357
18.332 -6.6734
14.33 -7.0116
11.897 -3.4159
17.185 -6.9595
13.732 -4.8446
10.419 -3.2711
10.77 -4.269
15.697 -6.5554
13.914 -7.0398
17.139 -5.4301
9.0811 -3.4701
15.672 -5.4578
18.395 -9.9547
14.117 -4.5765
18.653 -8.1422
17.197 -5.9059
14.056 -5.0637
17.3 -7.7137
20.159 -6.5274
13.337 -3.0724
16.701 -7.4503
15.363 -4.9367
18.805 -6.6283
13.748 -6.9859
14.009 -5.8295
13.95 -6.2546
15.057 -7.0953
17.371 -7.0435
11.208 -4.3892
12.702 -5.1954
10.598 -4.1719
15.758 -7.8221
14.916 -9.0508
12.784 -2.3937
15.088 -6.4365
16.896 -7.3538
12.919 -2.6539
15.577 -5.5162
14.209 -6.2567
17.32 -7.0729
14.55 -6.524
19.39 -7.8458
17.969 -7.8811
13.922 -6.971
13.315 -8.1796
16.528 -5.9981
20.401 -5.3577
15.446 -7.6961
12.881 -5.1311
15.945 -5.9916
15.809 -6.9484
21.149 -11.455
9.5041 -4.946
18.992 -7.5926
14.053 -6.2329
20.056 -9.7817
17.441 -5.5074
13.404 -5.4716
17.348 -6.1222
14.774 -6.4724
13.729 -6.6647
7.9916 -5.1305
12.45 -4.2069
16.578 -7.2363
17.115 -5.5065
14.243 -3.102
13.825 -6.1271
16.288 -7.0562
17.182 -6.5294
19.625 -8.1268
15.102 -5.2441
13.886 -6.5979
17.095 -6.8962
16.551 -6.0357
13.324 -5.3855
13.477 -4.824
13.755 -4.9012
15.785 -6.5792
15.055 -6.8186
16.532 -7.6447
14.66 -4.2574
16.638 -6.245
8.8373 -2.3284
12.956 -4.9947
12.01 -2.3977
17.326 -8.1686
19.641 -8.0564
15.023 -5.06
12.797 -6.2576
14.102 -5.1015
15.177 -7.6961
13.574 -5.3559
14.706 -7.0624
10.921 -3.5769
16.934 -9.0519
18.895 -6.4259
19.851 -8.8796
18.302 -6.7743
14.003 -7.5946
15.377 -8.8743
16.746 -8.4681
16.432 -6.7648
14.3 -4.794
10.446 -2.9683
13.273 -6.2277
15.664 -5.077
10.866 -6.6499
14.31 -8.2492
13.361 -5.7134
15.629 -7.2677
13.391 -4.6981
16.028 -6.7175
19.353 -8.2887
15.362 -6.3653
17.594 -6.9201
13.533 -6.5601
14.465 -4.4248
14.647 -6.348
13.765 -4.8555
14.791 -6.6677
14.122 -6.4035
17.095 -7.6939
15.154 -6.7755
13.703 -4.0058
13.12 -4.3477
17.392 -6.0338
15.746 -3.5634
17.656 -7.0667
14.698 -5.6285
18.266 -5.7645
17.664 -4.6416
13.385 -3.9169
17.224 -7.4639
13.783 -4.9165
16.887 -6.2287
14.442 -8.0616
16.747 -3.7416
15.159 -8.7196
15.417 -8.1832
16.894 -8.0964
14.733 -7.1669
17.226 -10.213
14.332 -3.1833
16.792 -7.4729
9.8328 -2.935
15.195 -7.3597
11.653 -4.6344
14.544 -8.3496
13.912 -7.5314
15.079 -4.962
15.626 -5.77
15.744 -6.8567
14.886 -6.3822
15.071 -4.168
9.7337 -3.5962
15.649 -6.5128
14.735 -6.0022
13.728 -4.5574
16.111 -5.0331
16.047 -7.2645
13.983 -4.8026
13.08 -6.1643
16.795 -7.0777
12.021 -4.1496
14.7 -6.427
14.057 -3.6741
12.643 -4.2236
13.946 -4.6054
14.383 -5.7698
14.027 -6.316
12.16 -5.5525
19.558 -7.2188
16.166 -4.8265
17.488 -8.2323
17.075 -5.2366
16.787 -5.2509
16.152 -7.3512
12.977 -5.5541
12.497 -6.7813
13.548 -5.1985
16.017 -7.2077
12.704 -3.5174
15.638 -6.1732
14.152 -6.4385
11.071 -4.711
13.543 -7.4498
16.088 -5.8771
10.449 -5.6544
12.361 -2.1174
15.585 -6.4251
20.058 -6.9971
17.051 -8.7066
17.264 -6.2423
15.98 -6.4876
14.577 -4.3958
19.118 -7.7267
11.078 -4.0987
13.95 -6.6716
10.323 -3.777
11.956 -5.3886
11.998 -3.6449
17.331 -6.3507
11.534 -4.2207
14.226 -8.4824
13.059 -6.1559
14.173 -4.5083
12.964 -4.7185
17.23 -6.149
11.275 -6.5191
12.883 -4.2183
15.695 -7.2348
17.294 -5.2939
14.385 -6.4603
17.326 -4.721
13.728 -6.4938
10.935 -4.1535
13.604 -3.2465
12.793 -5.1283
11.558 -3.1899
13.779 -7.5906
14.182 -7.1898
13.494 -5.3527
19.724 -6.427
14.252 -5.7924
14.361 -6.6576
16.814 -7.1882
15.848 -4.7733
16.179 -5.2536
16.304 -7.0483
12.245 -5.1284
16.29 -8.0995
17.156 -6.7131
14.462 -4.754
15.508 -6.2269
15.527 -5.9916
13.87 -3.4583
16.465 -6.9649
11.879 -5.345
13.605 -5.3629
14.657 -6.2159
15.875 -6.3561
13.417 -5.5395
15.684 -6.8776
13.94 -4.1442
17.532 -8.5305
16.303 -7.4069
12.664 -3.6175
11.581 -4.8474
12.639 -2.5621
14.005 -5.4793
14.254 -6.4303
12.912 -6.2718
18.737 -7.2943
17.42 -5.5305
13.884 -4.62
19.893 -5.5324
13.828 -8.5358
17.695 -6.5162
16.205 -4.5608
13.277 -7.0601
19.093 -9.8615
15.292 -6.3299
13.396 -7.0664
13.838 -4.9191
15.07 -6.3119
13.321 -4.7402
12.141 -4.1811
16.813 -9.3205
15.879 -8.2291
14.751 -7.6624
13.472 -5.2394
11.813 -4.7174
15.076 -5.0215
15.06 -3.5871
14.752 -3.9742
15.312 -5.3423
14.302 -6.9744
16.462 -5.3981
12.793 -6.7893
12.909 -4.9533
15.941 -4.0998
17.325 -6.0968
15.056 -6.0212
16.312 -6.3995
17.635 -8.4815
13.041 -4.8861
16.251 -6.4571
13.459 -7.0946
13.265 -6.5554
16.076 -6.3473
13.251 -5.0581
18.056 -7.6608
11.436 -4.8886
15.492 -5.1081
16.367 -5.1461
15.121 -5.6431
14.783 -6.2227
15.592 -5.4923
10.93 -4.2145
13.013 -4.9362
13.441 -6.792
20.534 -10.709
15.206 -4.6849
16.607 -5.1629
12.373 -5.2159
7.277 -3.4595
16.604 -5.9214
14.199 -5.4824
15.05 -3.5035
13.608 -4.4868
19.453 -7.0541
13.384 -6.6662
16.727 -7.4838
13.938 -3.6723
13.358 -5.7433
15.313 -6.5453
16.055 -7.7783
13.253 -6.8773
18.297 -5.5996
14.062 -6.1234
15.821 -6.1119
15.043 -7.268
17.486 -4.7188
15.467 -7.4345
15.787 -7.3501
19.931 -7.5259
14.326 -7.337
13.296 -5.4597
15.438 -7.6612
13.383 -5.8103
16.606 -8.1885
15.661 -5.9434
15.272 -3.5482
13.837 -7.4452
10.992 -5.7835
12.465 -4.5331
11.501 -4.1245
15.026 -6.9431
14.653 -5.3135
14.763 -7.1101
17.881 -6.2686
14.164 -3.2565
15.355 -6.6123
16.238 -8.2991
14.617 -6.9707
13.63 -5.3211
12.039 -6.2141
21.459 -8.4091
14.896 -6.417
11.476 -3.5614
14.911 -5.0486
12.134 -4.36
16.035 -7.4091
15.805 -6.0797
11.71 -2.9797
13.493 -6.4117
10.444 -3.7943
13.75 -7.9748
12.017 -5.729
16.151 -7.164
11.711 -5.9908
18.742 -8.239
13.417 -4.4458
14.774 -6.4128
16.312 -7.2942
14.356 -7.4802
11.936 -5.4246
11.73 -3.6538
15.518 -5.8511
12.288 -3.9868
18.205 -7.8497
11.489 -3.8927
13.809 -3.1777
12.248 -3.797
13.699 -4.2679
19.241 -7.1593
15.988 -7.3911
11.29 -5.2688
15.593 -8.0389
17.197 -10.43
12.451 -4.2951
15.135 -5.8914
14.987 -5.7879
12.158 -3.9919
15.563 -6.0531
13.319 -4.2664
17.211 -9.8806
16.428 -6.1523
15.016 -5.7788
13.386 -5.5819
15.077 -6.961
15.82 -3.236
10.864 -4.7657
17.47 -7.5853
16.012 -8.9614
13.71 -6.3375
12.335 -6.8506
16.241 -5.7283
17.003 -8.1283
14.468 -6.4904
13.292 -5.3863
19.156 -8.9664
19.238 -9.3788
19.602 -8.8071
15.924 -5.0055
15.722 -4.9074
11.343 -4.598
13.667 -2.4335
14.224 -6.0931
12.105 -0.18905
17.001 -6.0626
14.328 -6.8619
18.58 -7.5121
11.221 -3.7699
15.12 -9.7873
17.193 -4.129
12.357 -4.4523
18.738 -8.2433
10.629 -5.1928
10.502 -6.2107
14.103 -5.2978
11.76 -4.2384
9.4611 -2.6043
15.916 -4.9739
15.224 -6.2485
14.075 -4.4115
15.233 -6.0409
13.376 -5.4094
16.817 -7.9925
16.297 -6.5789
13.965 -4.6627
12.696 -3.5629
12.309 -4.0374
14.259 -5.7284
13.854 -4.0675
13.991 -6.7921
15.158 -5.644
14.51 -3.8406
14.298 -5.6445
13.119 -6.2136
13.774 -5.1818
20.787 -10.246
13.247 -5.8195
15.544 -6.0993
16.384 -5.3585
15.992 -8.4968
15.873 -5.4174
15.489 -6.1205
15.421 -5.4211
11.639 -5.1832
11.979 -3.6439
13.193 -6.6977
15.567 -4.3795
13.077 -6.9958
17.942 -8.2576
20.461 -10.494
12.021 -4.01
19.013 -7.6011
12.708 -5.7989
10.584 -2.3395
