-2.6047 -2.8167
-3.9341 -1.5962
-3.9064 -7.1782
-2.7848 -5.1521
-0.64373 -9.194
-3.7613 -5.5735
-3.0703 -4.3506
-4.5626 -3.2737
-5.5242 0.69877
-5.3272 -8.0835
-4.1025 -5.637
-2.6482 -4.5668
-2.3244 -4.9789
-1.4103 -6.6761
-5.1397 -2.3343
-1.1448 -4.9562
-0.78957 -4.4475
-2.1027 -9.0655
-4.2353 -1.3958
-2.2687 -5.3774
-6.6977 1.4783
-1.6504 -7.67
-1.0328 -9.1951
-5.0261 -2.4928
-0.69391 -7.9303
-3.7746 -4.5463
-3.0639 -2.5044
-3.2658 -5.6949
-1.4081 -5.9887
-6.1194 -4.5051
-4.7865 -7.0411
-4.1843 -2.2943
-5.4689 0.74698
-2.1466 -6.9285
-1.7136 -2.1446
-0.91433 -5.2922
-0.81201 -7.3864
0.2453 -14.585
-2.468 -5.2618
-1.6631 -6.3437
-3.5789 -3.3807
-1.9464 -7.5401
-3.2923 -6.6395
-1.5357 -6.5903
-4.0404 -3.4944
-3.2136 -4.4346
-4.7135 -7.1395
-6.9432 0.077157
-0.84557 -4.3019
-5.1382 -0.28467
0.65852 -8.3002
-0.8081 -7.3866
-1.4217 -6.7671
-5.7838 -3.1855
-7.7604 -0.95565
0.17621 -5.9802
-2.6839 0.66179
-3.8679 -3.1614
-0.41915 -8.9119
-2.3255 -7.1246
-3.4398 -5.6596
-3.0559 -6.5749
-3.4863 -3.9808
-2.4646 -9.4234
-2.2404 -5.0625
-1.5302 -6.3185
-0.22898 -8.3149
-1.569 -5.4407
-4.0653 -6.1653
-3.9422 -6.5994
-1.4357 -8.0576
-2.2014 -3.4138
-5.3619 -3.0201
-1.9526 -8.4743
-4.7359 -0.80207
-7.257 -0.41884
-5.7106 -0.25685
-4.529 -5.9293
-2.531 -7.0061
-6.9471 -2.2835
-3.7097 -6.1639
-5.0165 -3.5627
-3.4312 -4.872
-1.2109 -6.7821
-4.5339 -1.8178
-4.6805 -3.5583
-1.163 -4.5413
2.3707 -13.553
-4.3382 -2.8583
1.1716 -8.8916
-1.2905 -6.1017
-2.9156 -2.3347
-2.2061 -4.9082
-0.19148 -7.0155
-5.344 -0.84429
-5.283 -3.5326
-3.1728 -4.2302
-0.7994 -4.8125
-0.91042 -7.2318
-2.4737 -6.5376
-6.2851 -1.0177
-2.6156 -5.7091
-3.448 -1.5539
-1.3876 -8.7316
0.026856 -6.742
0.87355 -7.6964
-2.9519 -5.6414
-5.02 -4.0043
-4.7043 -4.1244
-3.4887 -1.2008
-1.3323 -7.2661
-1.9276 -4.9305
-0.61242 -9.1405
-0.84486 -9.5839
-1.6337 -5.8786
-0.87258 -3.3966
-4.5987 -2.2705
1.4379 -8.1703
-1.5606 -7.3279
-4.013 -5.1101
-5.4185 -2.8387
-2.2178 -5.9727
-3.4697 -3.0253
-2.9022 -7.866
-4.4811 -7.073
-2.8257 -3.4207
-6.0744 -3.3901
-6.0555 -0.6229
-0.17986 -5.7312
-5.6295 -1.3297
1.0426 -8.5379
-4.9459 -4.9477
-3.6772 -6.3865
-2.3382 -6.7497
-4.1166 -3.6791
-2.4685 -8.486
-8.5974 -1.2611
-5.248 -3.1958
-4.4476 -2.3801
-5.5766 2.2568
-1.6165 -8.7606
-3.3926 -3.2236
-0.5637 -7.1146
-7.9278 -3.1171
-5.5001 -2.64
-0.8625 -5.7835
0.53361 -11.568
-4.5914 -2.6443
-1.2642 -2.5416
-1.258 -5.3544
-2.2257 -5.0184
0.32105 -10.805
-7.235 1.1017
-0.46628 -5.7566
-5.8132 -5.1036
-4.0469 -2.69
-1.7766 -6.6343
-3.9424 -4.5087
-1.7558 -8.6272
-3.7905 -1.6346
-5.2569 -1.241
-1.0091 -9.4858
-6.451 -1.4619
0.4245 -10.131
0.25461 -10.376
-4.9866 -5.1737
-3.108 -5.6439
-4.6391 -2.8706
-2.716 -5.7349
-4.3459 -5.6307
-2.7781 -6.7765
-4.6746 -7.6284
-2.302 -5.2824
-4.078 -3.6376
-2.6962 -3.4507
-5.3931 -1.6198
-3.5013 -4.9437
-5.1753 -2.5465
-2.3111 -5.4198
-2.4234 -0.20435
-1.586 -6.723
-4.0546 -1.6862
-1.1095 -4.2754
-2.9676 -3.5741
-0.94755 -9.7752
-5.4804 -5.6316
-1.4022 -1.4305
-2.6556 -5.0973
-2.5221 -3.7946
-7.7433 0.55761
-6.7481 2.033
-2.1194 -5.2085
-1.8263 -7.6355
-0.49429 -4.746
-4.5314 -3.8678
-3.0365 -4.4897
-5.4674 0.47095
-4.2504 -7.4873
-0.27617 -5.6509
-5.2052 -1.5087
-3.6052 -4.6944
-1.5068 -10.715
0.018775 -9.0769
-5.4371 -3.7265
-5.8319 -0.19568
-4.1712 -5.3769
-3.9516 -4.281
-1.4437 -8.3345
-6.9361 0.94687
-4.4119 0.86516
-1.2253 -9.0641
-7.5306 -1.797
-4.9313 -0.31022
-1.1572 -7.331
-0.23556 -12.471
-0.45914 -8.6072
-0.74886 -5.5463
-3.814 -6.549
-1.7392 -7.9336
-3.2586 -6.3925
-6.2165 -2.3382
-3.1947 -6.5764
-2.8448 -4.7978
0.92329 -4.168
-2.8255 -3.8986
-2.715 -8.3104
-6.3835 2.5759
-6.3884 -3.6755
3.1669 -12.637
-4.3271 -8.3971
-3.48 -6.0591
4.2882 -14.095
-0.37469 -13.108
-1.7091 -7.9884
-0.87112 -7.3806
-5.986 1.3468
-5.5173 -0.68285
-8.2305 -2.9433
-5.0615 -2.892
-1.76 -5.692
-7.3748 1.2137
-2.3581 -4.8929
-4.4707 -4.5314
-2.0242 -5.8931
-5.7253 -1.3557
-3.9635 -1.6366
-1.3272 -7.734
-4.6047 -5.0875
-3.121 -3.3433
-3.1072 -6.7964
-4.3771 -3.9054
-6.1984 -0.39169
-3.9883 -4.733
1.1643 -4.7121
-5.4004 -4.8204
-0.37967 -5.9393
-1.9023 -7.1249
2.2436 -12.388
-7.2505 -2.2281
-4.7862 -4.2711
-4.471 0.01673
-1.7747 -8.3326
-5.0854 -3.4161
-3.1749 -4.5206
-2.0782 -4.5515
-0.71945 -3.7474
-5.3807 -1.5681
2.2748 -11.232
-4.6832 -0.21262
2.7772 -9.9333
0.55331 -5.6133
-6.5048 -0.36485
-1.7049 -5.8809
-4.8329 -4.2849
-3.8488 -5.3905
-1.2655 -9.1074
0.093297 -8.26
-2.8138 -3.2574
-4.8884 -2.0148
-1.7944 -7.0185
-3.0929 -5.571
-3.0678 -3.8679
-5.4808 -1.7622
-4.7564 -4.3638
-4.7359 -2.5228
0.2047 -7.1254
-3.8554 -3.4825
-2.2656 -6.9328
-4.7072 -4.4194
1.172 -6.7797
-9.3855 -0.12686
-0.69737 -3.88
-0.76679 -6.99
-7.3885 1.833
0.35334 -9.2216
-2.9646 -6.8856
-1.6606 -6.4339
1.1778 -9.8189
-1.3138 -7.4394
-5.2707 -4.3669
-5.2905 -4.6166
-2.0212 -5.5113
-1.8865 -3.8235
-1.2294 -5.4597
-2.6631 -6.6637
0.12431 -9.6574
-0.8137 -7.1754
-1.3127 -6.5345
-3.64 -3.5147
2.1469 -11.404
1.5508 -7.7025
-3.722 -3.292
-6.4116 -3.9178
-5.5438 -4.7876
-6.6377 -1.3592
-3.1114 -5.1308
-1.2878 -7.6148
-0.64136 -7.1353
-3.2185 -5.9029
-4.3753 -3.2848
-5.2269 -6.1085
-5.4405 -3.2645
-0.20857 -6.3807
-2.8902 -4.4265
-1.7205 -8.8596
-4.3332 -3.275
-5.9925 -0.86512
-3.1662 -3.437
-1.6373 -7.1208
-5.0773 -0.47063
-5.8683 -2.4941
-2.9878 -4.5338
-6.0774 -4.3304
-0.27744 -8.8705
-5.9033 -0.8656
-1.1655 -5.9358
-5.5746 -1.0577
-0.29243 -8.187
-2.9065 -5.3553
-4.472 -2.6797
-7.8855 -2.0424
0.40438 -8.7141
-4.5578 -2.8832
-0.33353 -9.0248
-4.5171 -5.1558
0.76975 -7.679
0.69324 -4.2106
0.58214 -9.5994
-0.24855 -8.7807
-3.3062 -4.5113
-4.5698 -5.7067
-3.041 -4.8349
1.0205 -6.6673
-5.1156 -2.2638
0.36076 -6.1367
-3.977 -2.0115
0.5706 -8.752
-6.0682 -4.2946
-2.638 -6.8229
-5.0831 -3.005
-4.7824 -3.4324
-5.5889 -2.554
-4.1384 -3.6895
-1.9348 -5.9739
-2.922 -6.5536
-2.7028 -3.5734
-1.4266 -3.0509
-5.6363 -1.1816
-0.83623 -2.8448
-6.5941 -3.1966
-5.125 -5.5
-0.60637 -8.8809
-0.19727 -12.555
-7.2768 -2.9449
-0.51212 -6.6337
-4.4504 -4.6925
-2.2655 -2.765
-4.7352 -1.42
-4.7083 -7.3432
-1.0362 -7.8864
0.71378 -7.4329
-6.5847 -0.54559
-2.6554 -3.7099
1.1276 -9.1584
-5.2047 -2.6973
-2.8833 -5.9652
-2.3102 -6.337
-1.1043 -8.2022
-2.8322 -3.691
-3.788 -4.6334
-5.7573 -2.016
-4.6457 -2.2215
1.9273 -9.3317
-2.8151 -2.6346
1.8917 -10.178
-5.3245 -0.2172
2.792 -11.254
-7.3217 -0.69318
-4.7989 -5.4073
-6.0325 -0.584
-5.178 -5.3011
-4.8485 -5.7421
-2.0587 -2.9735
-6.2134 -3.8098
-3.8092 -6.603
-5.3328 -2.861
-4.7151 -2.3988
-6.8462 1.1819
-1.0599 -4.461
-7.6806 -1.4222
-5.9238 1.2036
-4.6661 -2.5637
-1.5078 -6.637
-3.2568 -5.1254
-2.9086 -7.438
-4.7124 -3.2188
-1.9045 -6.6505
-3.4614 -4.5317
-1.7004 -4.2884
-1.2009 -3.1297
-2.0193 -4.4477
2.4063 -10.046
-4.3049 -4.4856
-2.8799 -6.0974
-0.83224 -5.8162
-5.1341 -7.1226
-4.6683 -3.9766
-6.5068 -3.4984
-0.58106 -6.1048
0.41236 -8.0864
-1.0526 -6.0937
-4.2061 -4.8441
-2.4888 -3.7791
3.2365 -13.225
-1.0957 -8.7699
-2.5307 -4.7327
-0.67301 -6.0669
-1.3241 -7.8063
-1.2998 -4.3976
-0.38739 -10.594
1.4384 -8.1889
-4.1216 -7.5557
-0.581 -6.7265
-3.6956 -6.1526
-2.7414 -7.6142
-6.2194 -4.7331
-8.3257 -2.6459
-2.8798 -9.6637
-0.90794 -6.7801
-2.7934 -4.67
-1.993 -8.5424
0.95878 -6.1461
-4.0409 -4.6959
-4.2575 -4.6959
-3.2086 -3.3879
-0.11976 -7.897
-2.6818 -6.4205
-3.8334 -2.6175
-3.5466 -2.9464
-1.6271 -4.246
-2.8401 -3.9617
-4.8541 -4.0603
-1.8664 -9.2364
-0.17595 -9.7137
-2.5267 -9.0654
-3.8081 -1.9073
-4.3587 -5.0862
-3.5492 -5.6685
-2.6998 -5.8883
-1.6878 -9.0802
-2.6725 -6.6359
-5.7534 -0.98342
-1.3295 -5.718
-0.13112 -9.1499
-4.8889 -4.0746
-3.2208 -5.663
-4.9233 -5.2469
-3.6024 -2.2521
-3.5578 -7.3706
-0.43914 -3.9745
-4.3549 -4.8051
-7.6189 -1.5741
0.16201 -8.8414
-5.146 -0.13234
0.13429 -6.8327
1.6591 -5.2803
-6.1781 -3.3455
-1.0028 -7.0825
-2.9798 -6.9484
3.9425 -12.326
-3.0372 -4.3604
-0.042304 -5.0112
-2.3296 -4.0859
-1.8353 -4.8203
-2.5746 -5.7149
-6.5163 0.66298
-1.8979 -6.2156
-4.4293 -3.8476
2.1057 -7.9267
-1.0654 -5.0823
