4.6028 8.0725
4.6114 9.7239
7.288 14.085
5.3265 11.392
4.7385 11.327
3.2799 7.4152
7.5951 12.873
7.2697 9.5396
1.1127 8.5271
2.72 7.0668
3.8038 10.802
3.5579 8.2682
6.6124 8.5109
0.1865 4.4023
7.3255 11.019
1.637 7.5608
7.5148 10.302
4.7982 10.371
4.0055 7.5914
1.2696 7.4514
0.87726 7.9257
-0.64759 7.1729
4.1649 10.221
2.1211 8.1966
8.5766 13.015
3.7116 11.497
6.4424 10.225
8.3308 10.391
3.0069 7.3739
4.9872 8.3429
7.1203 10.404
0.50343 10.894
8.065 11.602
7.0424 9.283
9.2205 12.219
4.7886 6.658
3.5413 7.7424
5.9414 8.6976
1.727 4.5369
3.6125 7.9819
5.0249 9.558
5.8857 9.3729
3.5021 8.0143
9.1861 13.806
5.1658 6.947
1.6784 9.0968
4.2735 6.4684
7.4067 12.459
8.0647 13.042
7.14 11.646
6.6258 9.6078
4.0322 10.35
5.96 10.709
9.2219 9.1484
5.8359 11.153
5.7081 11.765
5.8032 9.1269
9.8719 10.798
5.4541 8.6487
3.9094 8.144
4.5241 13.829
3.7067 12.832
3.7138 9.0828
6.5616 9.0243
3.3322 10.038
7.1245 10.194
3.6005 6.7208
6.489 13.565
0.45229 9.1755
0.60633 6.79
3.0637 6.7059
4.1028 11.097
3.3842 10.781
5.6762 9.6294
3.6509 9.7209
6.3124 8.9664
2.3394 10.234
12.18 13.429
8.7607 13.949
1.0904 7.7274
3.6713 8.1278
4.9637 10.286
5.7161 14.717
1.6708 10.989
7.6481 10.739
2.7581 7.1724
3.4144 8.9809
2.1682 6.9716
4.7021 10.957
6.9471 8.8839
3.4303 9.5148
7.2424 11.368
9.9272 11.18
3.0989 7.7476
6.3023 9.8981
6.7641 7.9168
1.139 9.7096
7.7515 9.9796
2.8817 7.0983
5.2042 10.296
6.9352 11.741
1.777 9.7393
7.9834 9.851
8.9113 13.568
-1.964 5.1919
6.1655 8.8963
4.8545 10.259
2.5941 8.3499
9.7835 8.9978
3.9736 12.107
9.3461 12.399
9.1331 11.419
7.5694 16.859
7.113 9.6631
7.3611 11.396
4.7174 13.888
7.5012 12.485
4.0758 14.426
5.6073 9.7146
3.1699 6.1085
6.1686 7.012
3.1816 8.0267
5.848 6.2668
7.7282 12.139
7.3483 8.7184
8.8892 9.9238
4.0338 8.5715
7.556 12.494
1.642 9.3805
6.1745 10.575
1.6671 11.792
4.2164 9.1335
5.9432 9.7447
5.2224 9.4264
-2.1397 7.2251
6.8214 11.612
7.3355 9.4266
5.7129 10.743
8.347 11.095
3.6694 9.628
1.7724 5.7791
8.6119 12.152
4.1951 9.3799
0.68253 6.1544
6.6516 8.9347
2.8531 12.039
6.5003 7.6834
5.9184 10.097
6.6995 10.173
4.788 10.279
6.9439 10.662
4.7498 9.2954
7.752 13.016
6.1059 10.338
3.4001 7.9125
4.8893 10.379
2.801 5.9139
3.4968 6.5783
2.7703 9.8469
10.159 10.68
5.9327 10.84
2.3264 3.48
4.9966 11.688
7.3988 9.0529
2.3698 13.473
5.1843 14.527
3.8291 6.7002
5.1 7.3675
1.6637 9.6661
5.6707 13.871
5.9748 12.461
3.3275 11.577
5.8049 7.6049
8.2664 10.33
4.3254 12.946
3.9391 9.6535
5.0566 12.53
7.1993 13.607
6.5095 12.112
7.8959 10.603
2.1089 7.0168
0.15472 8.1264
4.8996 11.019
6.3189 11.25
3.6259 9.677
10.246 11.669
7.0781 11.95
7.9338 8.1105
0.70384 7.8344
7.7092 11.032
-1.0482 6.7988
6.3644 10.273
6.905 11.54
5.8414 12.024
5.1294 6.6598
3.7411 9.3083
9.2654 12.012
1.9771 11.631
8.5676 11.681
1.1295 7.4699
4.1946 10.172
7.27 10.864
6.2598 10.095
3.955 8.4213
2.0021 10.897
4.6824 11.356
8.6425 13.425
7.3331 11.878
1.2867 8.9864
2.9535 9.5935
8.2291 11.616
2.9642 8.3481
3.291 5.6691
6.9472 9.4952
7.9836 11.12
7.9666 13.916
3.8045 6.2553
2.7929 7.2171
1.2478 4.8897
2.5085 10.672
1.4309 7.1468
2.7051 12.051
3.7627 10.083
3.3262 8.3309
4.1545 13.908
3.8318 10.297
4.3508 9.1004
6.8974 12.126
4.6732 9.3996
4.8175 9.3283
5.3262 10.108
2.2719 9.2035
6.2652 11.499
4.4663 10.835
5.4617 11.282
9.5068 14.389
3.267 10.964
3.8205 7.3229
5.687 11.809
9.2513 12.263
10.484 10.626
4.6995 9.155
4.1106 9.3524
9.513 9.596
2.1937 10.859
4.0018 11.715
6.6246 10.189
8.3775 10.569
8.5415 10.103
2.8133 10.196
2.5917 7.614
4.9047 12.383
6.4553 12.533
3.7367 5.2239
8.1656 12.369
2.707 9.6199
6.9659 9.9506
1.8561 6.8639
7.2482 14.609
3.5184 11.823
6.9619 10.937
3.1616 10.009
7.916 11.578
4.5217 9.2711
0.96367 12.167
12.229 10.527
5.9811 11.021
2.5299 8.3586
7.6995 13.935
1.1048 9.9377
4.7691 11.125
5.2851 6.3613
4.9176 10.83
2.63 12.748
9.545 9.5561
5.7966 11.07
7.4007 9.6918
4.4901 7.34
3.2208 5.8308
2.1652 7.3897
7.6859 11.605
4.2105 9.0958
2.5377 11.158
6.8343 11.309
6.4641 13.288
6.3605 9.5829
9.2612 15.035
7.3532 10.998
2.8003 9.0374
2.7999 10.87
6.2292 9.4906
7.7635 9.2975
8.5267 12.866
5.046 13.2
9.4875 11.059
-1.554 12.388
6.0335 10.593
5.8825 10.55
10.659 11.769
8.7376 11.245
3.314 9.6783
4.401 6.6415
8.203 12.683
2.2345 8.473
2.5985 10.573
7.4052 10.639
5.6104 12.841
2.4555 9.1115
3.187 9.6414
3.6715 11.943
2.5645 10.562
5.0292 9.4267
3.245 8.4083
10.613 13.654
5.863 11.743
6.1314 8.9912
4.2563 9.0833
0.066111 8.8415
3.5234 9.1893
8.0977 13.168
1.2966 9.5666
2.3293 8.4347
5.476 12.087
8.593 16.217
3.4756 9.3042
9.0449 10.54
3.2264 9.6218
5.0035 9.825
5.3932 10.513
3.7911 8.2067
4.3726 9.5305
5.1323 9.6375
5.1062 10.097
5.2561 8.1816
5.3344 7.9972
3.1028 8.5105
6.141 13.088
6.4604 12.827
3.7851 10.242
2.1143 8.6546
8.8832 12.043
5.9735 10.651
9.904 15.238
5.7532 11.019
2.3986 5.9026
5.8136 11.278
7.0645 13.153
2.5161 8.4212
5.8563 7.7475
3.8389 12.134
5.365 12.581
5.7812 8.8099
5.1298 9.4195
5.7737 10.518
4.0061 8.8114
10.049 10.242
6.385 8.978
3.8783 10.158
4.8558 7.6217
5.6107 14.621
8.4822 10.705
3.9098 13.034
9.2132 16.106
5.5728 10.853
6.4663 9.6246
5.9441 8.0678
5.9122 8.3633
6.1489 12.411
5.2281 11.815
8.098 9.9294
8.0253 8.8041
6.7232 9.6649
8.3409 10.679
5.775 11.952
2.3147 11.377
10.232 9.5227
3.2525 6.9488
3.1983 9.3036
8.9077 10.04
5.0266 9.8204
2.3906 10.351
5.99 10.953
6.2229 11.615
5.6157 12.786
5.1198 12.358
8.0653 12.885
2.5778 8.3712
7.3182 9.3587
4.9957 12.106
2.8769 9.815
8.272 9.0852
4.6339 8.1379
7.4875 8.9279
3.7683 11.626
6.7573 8.7675
5.9496 5.9992
3.2814 10.821
6.0394 12.237
4.2652 11.409
-0.15421 7.2893
6.3817 11.314
6.4306 9.7529
8.7298 11.812
1.7595 7.2779
4.3163 10.71
2.739 9.2175
5.9187 10.482
4.3967 11.727
3.4826 9.0201
3.1359 8.2562
6.2152 13.37
9.4454 10.941
6.2797 10.163
6.4408 11.258
8.8662 11.253
5.2809 8.2255
4.0175 9.1706
9.8883 10.956
4.4579 7.9884
4.541 10.596
6.0798 12.622
4.5545 11.006
9.758 12.496
6.9098 10.519
7.3918 9.2768
6.9648 9.3379
10.117 10.383
7.3571 12.274
8.4859 13.316
7.2835 8.9376
4.2262 8.4861
4.9568 9.7524
-0.54786 9.1266
5.7479 6.0033
5.5758 7.9665
7.8513 9.3425
3.6228 10.205
4.7732 10.304
0.90838 12.997
-0.85712 9.2436
8.7424 9.1626
4.6648 9.7687
6.5864 8.4927
5.7305 10.034
3.7844 8.1257
3.3056 9.8507
5.09 11.436
3.2396 7.9754
3.6548 9.6405
8.4905 10.446
4.1626 9.6003
7.75 11.351
4.2175 9.9019
3.8477 11.295
4.722 11.423
5.6542 11.928
5.0822 8.8057
4.9544 9.1274
3.7598 10.204
-1.8559 9.3825
4.8155 11.733
8.4465 11.812
3.6711 5.5949
5.3983 5.932
6.0725 10.804
9.3569 11.949
4.4936 13.423
4.4294 11.692
5.2882 10.567
5.9086 11.827
3.6213 8.6812
2.1301 9.9711
4.2307 7.8312
7.4339 9.437
3.0404 9.3463
1.0022 10.109
3.6348 10.784
8.7794 12.752
8.7402 11.177
6.2147 9.4029
0.80814 10.266
4.1957 7.6357
4.918 9.2092
4.5356 10.693
3.1562 6.4171
2.5028 11.616
5.4687 8.0641
3.1898 11.1
3.7992 12.282
4.1997 8.1257
3.6015 8.8804
8.5837 14.326
3.9971 11.569
6.3333 8.95
3.1891 6.502
8.3059 10.995
4.1119 9.9285
3.4969 8.1
1.2045 9.9434
8.4473 10.745
