0.851678 -0.442217 
-1.588515 -1.026552 
0.545225 -0.998472 
0.480179 -0.692945 
0.506940 -0.864976 
0.713139 -0.286126 
-1.515548 -1.086420 
-1.821881 -0.299018 
0.881589 -0.012717 
-1.797866 -0.546338 
-0.140339 -1.220564 
-0.556614 -1.472881 
0.657005 -0.307432 
-1.415749 -0.842209 
-1.016938 -1.203984 
-0.956049 -1.213578 
0.684984 -0.903348 
-1.700493 -0.449453 
-0.924897 -1.426447 
0.014502 -1.094097 
-0.493442 -1.326021 
-1.704802 -0.500378 
-0.070355 -1.209026 
-1.618147 -0.517395 
-1.292349 -1.140985 
-0.910299 -1.276374 
-0.833358 -1.253504 
-1.311385 -1.260958 
-0.725206 -1.461193 
-0.217137 -1.378066 
0.856686 -0.171726 
-1.163066 -1.254043 
0.762074 -0.414293 
-1.877804 -0.044481 
0.882886 -0.166689 
-0.252380 -1.153362 
0.702823 -0.592414 
-0.806118 -1.243662 
-0.827732 -1.211968 
-1.210613 -0.957215 
-1.343614 -1.037210 
0.521063 -0.879501 
0.547317 -0.812676 
-0.528611 -1.201896 
-0.397712 -1.371226 
-0.277711 -1.321226 
-1.420607 -1.058140 
-0.380785 -1.371196 
0.697892 -0.769081 
0.783393 -0.728000 
0.738817 -0.674023 
-1.672494 -0.442348 
-1.587421 -0.602967 
-1.733929 -0.132582 
-1.545636 -0.690414 
-1.671370 -0.556575 
0.218106 -1.142319 
0.268544 -0.954437 
0.810776 -0.149293 
0.678892 -0.146587 
-0.309061 -1.271961 
-1.385542 -1.182861 
0.791516 -0.100926 
-0.051712 -1.386617 
-1.694227 -0.060194 
0.835771 -0.634785 
-0.160724 -1.454453 
-0.172797 -1.350574 
0.269112 -1.268790 
-0.230000 -1.199803 
-1.698900 -0.862774 
0.650171 -0.298372 
0.927176 -0.147244 
0.773311 -0.510468 
0.249152 -0.938995 
0.666402 -0.279319 
-0.877574 -1.402316 
-1.548092 -0.927886 
0.414146 -0.774066 
-1.910639 -0.159806 
0.641245 -0.315632 
-1.764895 -0.352140 
0.834568 -0.380013 
-0.555161 -1.265942 
0.181203 -1.224247 
-0.932868 -1.239326 
-1.402628 -1.156663 
-1.305345 -1.065755 
-1.716953 -0.074252 
-1.034929 -1.268700 
0.746806 -0.143244 
-0.199326 -1.135543 
-1.707813 -0.483779 
-0.045239 -1.265353 
-0.955998 -1.145505 
0.467222 -0.633095 
-0.342877 -1.262277 
-0.919621 -1.104308 
-0.287294 -1.353828 
-0.625919 -1.358963 
-0.598625 -1.366962 
-1.807313 -0.093935 
-0.217625 -1.305692 
-0.363680 -1.399905 
0.073395 -1.376218 
-1.598690 -0.741135 
-0.691725 -1.452396 
-1.651363 -0.898744 
0.658726 -0.351400 
0.853531 -0.473465 
0.395148 -0.952986 
-0.957769 -1.290541 
0.364549 -1.172840 
-1.771691 -0.220257 
-1.854795 -0.142621 
-0.886155 -1.416699 
-1.986585 -0.064649 
0.951719 -0.062858 
-1.640594 -0.199532 
-0.101567 -1.333697 
-1.715709 -0.429844 
-1.207416 -1.249869 
-1.948318 -0.364137 
-1.349699 -1.068444 
-1.798820 -0.430809 
0.552359 -0.953728 
0.271543 -0.941764 
-1.913848 -0.154834 
-1.193593 -1.115449 
0.912334 -0.043996 
-0.038289 -1.301446 
-0.236106 -1.414625 
0.748794 -0.344376 
0.016384 -1.314059 
-0.782909 -1.255312 
-1.774044 -0.186531 
-0.363874 -1.406994 
-1.157287 -1.174959 
-0.012470 -1.376348 
-0.469186 -1.366041 
0.028662 -1.335073 
-1.017465 -1.153319 
0.668140 -0.093641 
-1.057948 -1.102204 
-1.928763 -0.391962 
0.475307 -0.851186 
-1.309203 -1.129601 
-0.182618 -1.293348 
-0.540869 -1.348615 
-1.261269 -1.207134 
-0.514631 -1.197696 
0.381371 -1.100564 
-0.750139 -1.374021 
-1.481905 -0.655306 
-0.101827 -1.283331 
0.548788 -0.485272 
-1.354666 -1.135634 
0.229220 -1.095820 
0.535087 -0.724259 
0.357488 -0.902675 
0.475836 -1.005433 
-1.028163 -1.205578 
-1.030244 -1.330393 
0.475161 -1.118745 
-1.382817 -1.179011 
0.558434 -0.469612 
-0.484339 -1.425607 
0.445897 -0.727105 
-0.637851 -1.162670 
-1.066877 -1.382461 
0.645821 -0.350141 
0.783945 -0.013373 
0.477397 -0.962208 
-1.801351 -0.517554 
0.536296 -0.659885 
0.812577 -0.703878 
0.553309 -1.028943 
0.673931 -0.368067 
-0.920391 -1.406358 
-0.004024 -1.173666 
0.032541 -1.291710 
0.709173 -0.456106 
0.778255 -0.419773 
-0.998485 -1.414685 
-0.631890 -1.419606 
0.162846 -0.944040 
0.041988 -1.366584 
0.868406 -0.178069 
0.256805 -0.891435 
0.465518 -0.852924 
-1.074876 -1.132932 
-0.503674 -1.288205 
-1.544445 -0.933594 
0.381040 -1.172991 
0.458702 -0.719904 
-0.013317 -1.141456 
-0.544597 -1.366719 
-0.121084 -1.303157 
0.652517 -0.375262 
0.251385 -1.043166 
-0.215915 -1.345603 
-1.205559 -0.929971 
0.436143 -0.714137 
-0.927349 -1.400647 
-1.897457 -0.259639 
-0.888031 -1.288181 
0.757425 -0.587706 
0.631712 -0.978694 
-1.640481 -0.928373 
-1.655173 -0.521984 
-1.276658 -1.092346 
-0.435344 -1.271833 
-1.165408 -1.015044 
0.735009 -0.696790 
0.667726 -0.496496 
-0.591387 -1.313914 
0.704858 -0.081517 
-1.387566 -0.756170 
-1.119329 -1.083287 
-1.683389 -0.151681 
0.682710 -0.406164 
-0.961094 -1.111673 
-1.736277 -0.103806 
-1.327326 -1.012772 
-0.674142 -1.272215 
-1.534279 -0.507207 
-1.733881 -0.333252 
-1.700080 -0.346642 
-1.047963 -1.214259 
0.583807 -0.683037 
-0.324432 -1.260251 
0.075270 -1.233076 
0.719060 -0.217607 
-0.200411 -1.369572 
-0.473133 -1.320476 
-1.692291 -0.889735 
-1.740223 -0.452389 
0.742353 -0.373332 
-1.579814 -0.622406 
0.699955 -0.175451 
-1.695863 -0.179354 
-1.340427 -1.200488 
-1.323338 -1.066241 
-1.721183 -0.164823 
0.943109 -0.021112 
0.287580 -1.265746 
-1.674756 -0.737888 
-1.491109 -1.089706 
-0.746433 -1.335035 
-1.458706 -0.770617 
-0.790309 -1.425303 
-1.857348 -0.302797 
-0.835629 -1.298857 
-1.159918 -1.243477 
-1.658743 -0.551632 
0.618484 -0.944211 
0.574808 -0.902222 
0.076471 -1.208895 
0.771479 -0.172343 
-0.877733 -1.438700 
-0.275334 -1.267707 
0.611531 -0.480342 
-1.793810 -0.022583 
-1.681088 -0.355315 
0.205215 -1.235617 
0.038478 -1.395844 
-1.673059 -0.698721 
-1.243571 -1.152783 
0.443384 -0.892920 
-1.033461 -1.117784 
-1.504347 -0.941974 
-1.597416 -0.917388 
-1.864025 -0.603229 
0.717854 -0.478978 
-1.757606 -0.664600 
-1.628524 -0.480438 
-0.419387 -1.217804 
0.826842 -0.591954 
-0.293560 -1.459932 
0.759733 -0.240623 
-0.787520 -1.405148 
0.292077 -0.890485 
-1.640866 -0.505128 
0.726270 -0.049656 
0.925062 -0.292419 
0.747393 -0.096146 
-1.559829 -0.544329 
-1.656876 -0.628931 
0.766290 -0.699783 
-1.737613 -0.808846 
-1.241256 -0.921850 
-1.087852 -1.183540 
-0.391975 -1.368036 
-1.683867 -0.516081 
0.475764 -1.041596 
0.693591 -0.668104 
-1.669017 -0.257010 
0.570101 -0.963340 
-1.595690 -0.734113 
-1.931398 -0.176347 
-1.417156 -0.838161 
-1.413756 -1.022637 
0.703196 -0.416668 
0.508085 -0.850671 
0.738690 -0.342896 
0.872777 -0.164019 
0.297594 -0.955244 
-1.834303 -0.168995 
-1.812352 -0.050190 
0.502667 -0.605103 
-0.861078 -1.145046 
-0.146651 -1.284119 
-0.402146 -1.365195 
-1.476966 -0.776631 
0.040618 -1.221655 
-1.693116 -0.334651 
0.317947 -0.998864 
-1.768646 -0.790200 
0.207101 -0.913626 
-1.784999 -0.769476 
-1.019122 -1.401200 
-0.303701 -1.323302 
0.527422 -0.986729 
-0.683422 -1.235749 
-1.035740 -1.043072 
0.746764 -0.390066 
-0.616695 -1.272116 
-0.708860 -1.454483 
-1.946815 -0.028245 
0.161876 -1.171805 
-1.476550 -1.025776 
-1.663341 -0.028982 
0.866620 -0.407705 
-0.916737 -1.270934 
-0.548461 -1.357370 
0.466841 -0.700963 
-1.691336 -0.059452 
0.687265 -0.232822 
0.451243 -0.786422 
-0.776053 -1.340366 
-1.426866 -0.705921 
0.823273 -0.437472 
-0.586907 -1.451365 
-1.785555 -0.581598 
0.135062 -0.993830 
0.264746 -0.908670 
0.470372 -0.663482 
0.452042 -1.050840 
0.874259 -0.519631 
0.595248 -0.802376 
0.645513 -0.361517 
-0.235552 -1.238358 
0.493208 -0.651119 
0.445139 -1.122038 
0.345404 -0.876954 
0.911526 -0.429600 
-0.746089 -1.242641 
-0.776693 -1.144544 
0.322117 -1.086095 
-0.144526 -1.360288 
-1.692743 -0.180424 
-0.320165 -1.168462 
0.676631 -0.514054 
-0.353560 -1.322415 
-0.089472 -1.380294 
0.613660 -0.929003 
0.250368 -1.084289 
-1.833233 -0.608598 
0.745857 -0.273613 
-0.871640 -1.181180 
0.227191 -0.893022 
0.864229 -0.372876 
-0.822329 -1.188306 
0.781977 -0.141170 
-1.964613 -0.087462 
-0.461092 -1.151398 
0.286618 -0.956880 
-1.919139 -0.191036 
0.451702 -1.154872 
-1.754428 -0.729071 
-0.113994 -1.109495 
-1.669547 -0.129185 
0.790735 -0.365804 
-1.349799 -1.164116 
-1.145844 -1.155117 
-1.640677 -0.415964 
-1.892378 -0.056366 
0.674553 -0.832798 
-1.962189 -0.058639 
0.189646 -0.995793 
-1.908438 -0.084775 
0.383241 -0.852910 
-1.749793 -0.765893 
0.370483 -1.215881 
-0.293847 -1.198057 
0.706328 -0.540838 
-0.393837 -1.368400 
0.591263 -0.805586 
-1.807165 -0.417671 
0.753550 -0.199374 
-1.857189 -0.228444 
-1.534680 -0.833182 
-1.583891 -0.761365 
-1.290669 -0.959699 
-1.819907 -0.376483 
-0.214265 -1.313810 
0.848441 -0.250975 
-0.151193 -1.348260 
0.800129 -0.526541 
0.650012 -0.255161 
0.777730 -0.761501 
-1.773341 -0.752126 
-0.732802 -1.199311 
0.545372 -1.025459 
-0.232030 -1.179946 
-1.636515 -0.296875 
0.614343 -0.299350 
0.108469 -1.280840 
-1.562503 -0.829636 
-0.440726 -1.308435 
0.208130 -1.142653 
-1.655447 -0.126953 
-1.469864 -1.083176 
-0.232026 -1.468930 
-0.412343 -1.167521 
-1.106197 -1.119477 
-0.483827 -1.163173 
0.140153 -0.968830 
-0.844671 -1.377893 
-1.727260 -0.221082 
-0.102855 -1.300149 
0.912850 -0.336484 
-1.688757 -0.276257 
-1.854320 -0.149764 
0.456555 -0.722311 
-1.476538 -0.782364 
0.441375 -0.917632 
-0.411193 -1.450780 
-0.472366 -1.370535 
-1.580478 -0.878439 
-1.547451 -0.767108 
-0.408754 -1.260116 
-1.252575 -1.291014 
-0.816558 -1.200698 
-1.744923 -0.406010 
0.121702 -1.267674 
-1.506079 -0.594902 
0.616670 -0.328981 
-1.139336 -1.284697 
-0.295037 -1.178773 
-1.427523 -0.761424 
-1.680718 -0.438657 
0.831218 -0.272325 
-1.117226 -1.109116 
0.852414 -0.370293 
-1.193738 -1.049870 
0.927746 -0.456738 
-1.941947 -0.308575 
-0.295596 -1.363184 
0.218501 -1.004904 
-0.057515 -1.241378 
-1.286127 -0.848249 
0.134775 -1.174190 
0.858206 -0.036860 
0.765014 -0.232126 
0.145882 -1.300367 
-0.253989 -1.446231 
0.352436 -0.878957 
-0.460773 -1.354756 
-0.136003 -1.316928 
-1.137783 -1.327172 
0.234106 -1.092916 
-0.962937 -1.158549 
-0.139010 -1.173703 
0.966124 -0.125544 
-1.733212 -0.761838 
0.895818 -0.267460 
-1.060483 -1.227906 
0.778829 -0.039786 
0.000418 -1.259814 
0.504867 -1.021210 
-1.975037 -0.018757 
-0.198332 -1.358395 
-1.499122 -0.707969 
-1.902635 -0.204053 
-1.870484 -0.149910 
0.886759 -0.316930 
-0.801600 -1.123607 
-1.106946 -0.988964 
0.649916 -0.279613 
0.612614 -0.407390 
0.356348 -1.127527 
0.689183 -0.895996 
0.291205 -0.892338 
-0.639753 -1.490476 
-0.735832 -1.352351 
-0.976557 -1.190218 
-1.565508 -0.474396 
0.097955 -1.088428 
0.743088 -0.337884 
