4.351678 -0.442217 
1.911485 -1.026552 
4.045225 -0.998472 
3.980179 -0.692945 
4.006940 -0.864976 
4.213139 -0.286126 
1.984452 -1.086420 
1.678119 -0.299018 
4.381589 -0.012717 
1.702134 -0.546338 
3.359661 -1.220564 
2.943386 -1.472881 
4.157005 -0.307432 
2.084251 -0.842209 
2.483062 -1.203984 
2.543951 -1.213578 
4.184984 -0.903348 
1.799507 -0.449453 
2.575103 -1.426447 
3.514502 -1.094097 
3.006558 -1.326021 
1.795198 -0.500378 
3.429645 -1.209026 
1.881853 -0.517395 
2.207651 -1.140985 
2.589701 -1.276374 
2.666642 -1.253504 
2.188615 -1.260958 
2.774794 -1.461193 
3.282863 -1.378066 
4.356686 -0.171726 
2.336934 -1.254043 
4.262074 -0.414293 
1.622196 -0.044481 
4.382886 -0.166689 
3.247620 -1.153362 
4.202823 -0.592414 
2.693882 -1.243662 
2.672268 -1.211968 
2.289387 -0.957215 
2.156386 -1.037210 
4.021063 -0.879501 
4.047317 -0.812676 
2.971389 -1.201896 
3.102288 -1.371226 
3.222289 -1.321226 
2.079393 -1.058140 
3.119215 -1.371196 
4.197892 -0.769081 
4.283393 -0.728000 
4.238817 -0.674023 
1.827506 -0.442348 
1.912579 -0.602967 
1.766071 -0.132582 
1.954364 -0.690414 
1.828630 -0.556575 
3.718106 -1.142319 
3.768544 -0.954437 
4.310776 -0.149293 
4.178892 -0.146587 
3.190939 -1.271961 
2.114458 -1.182861 
4.291516 -0.100926 
3.448288 -1.386617 
1.805773 -0.060194 
4.335771 -0.634785 
3.339276 -1.454453 
3.327203 -1.350574 
3.769112 -1.268790 
3.270000 -1.199803 
1.801100 -0.862774 
4.150171 -0.298372 
4.427176 -0.147244 
4.273311 -0.510468 
3.749152 -0.938995 
4.166402 -0.279319 
2.622426 -1.402316 
1.951908 -0.927886 
3.914146 -0.774066 
1.589361 -0.159806 
4.141245 -0.315632 
1.735105 -0.352140 
4.334568 -0.380013 
2.944839 -1.265942 
3.681203 -1.224247 
2.567132 -1.239326 
2.097372 -1.156663 
2.194655 -1.065755 
1.783047 -0.074252 
2.465071 -1.268700 
4.246806 -0.143244 
3.300674 -1.135543 
1.792187 -0.483779 
3.454761 -1.265353 
2.544002 -1.145505 
3.967222 -0.633095 
3.157123 -1.262277 
2.580379 -1.104308 
3.212706 -1.353828 
2.874081 -1.358963 
2.901375 -1.366962 
1.692687 -0.093935 
3.282375 -1.305692 
3.136320 -1.399905 
3.573395 -1.376218 
1.901310 -0.741135 
2.808275 -1.452396 
1.848637 -0.898744 
4.158726 -0.351400 
4.353531 -0.473465 
3.895148 -0.952986 
2.542231 -1.290541 
3.864549 -1.172840 
1.728309 -0.220257 
1.645205 -0.142621 
2.613845 -1.416699 
1.513415 -0.064649 
4.451719 -0.062858 
1.859406 -0.199532 
3.398433 -1.333697 
1.784291 -0.429844 
2.292584 -1.249869 
1.551682 -0.364137 
2.150301 -1.068444 
1.701180 -0.430809 
4.052359 -0.953728 
3.771543 -0.941764 
1.586152 -0.154834 
2.306407 -1.115449 
4.412334 -0.043996 
3.461711 -1.301446 
3.263894 -1.414625 
4.248794 -0.344376 
3.516384 -1.314059 
2.717091 -1.255312 
1.725956 -0.186531 
3.136126 -1.406994 
2.342713 -1.174959 
3.487530 -1.376348 
3.030814 -1.366041 
3.528662 -1.335073 
2.482535 -1.153319 
4.168140 -0.093641 
2.442052 -1.102204 
1.571237 -0.391962 
3.975307 -0.851186 
2.190797 -1.129601 
3.317382 -1.293348 
2.959131 -1.348615 
2.238731 -1.207134 
2.985369 -1.197696 
3.881371 -1.100564 
2.749861 -1.374021 
2.018095 -0.655306 
3.398173 -1.283331 
4.048788 -0.485272 
2.145334 -1.135634 
3.729220 -1.095820 
4.035087 -0.724259 
3.857488 -0.902675 
3.975836 -1.005433 
2.471837 -1.205578 
2.469756 -1.330393 
3.975161 -1.118745 
2.117183 -1.179011 
4.058434 -0.469612 
3.015661 -1.425607 
3.945897 -0.727105 
2.862149 -1.162670 
2.433123 -1.382461 
4.145821 -0.350141 
4.283945 -0.013373 
3.977397 -0.962208 
1.698649 -0.517554 
4.036296 -0.659885 
4.312577 -0.703878 
4.053309 -1.028943 
4.173931 -0.368067 
2.579609 -1.406358 
3.495976 -1.173666 
3.532541 -1.291710 
4.209173 -0.456106 
4.278255 -0.419773 
2.501515 -1.414685 
2.868110 -1.419606 
3.662846 -0.944040 
3.541988 -1.366584 
4.368406 -0.178069 
3.756805 -0.891435 
3.965518 -0.852924 
2.425124 -1.132932 
2.996326 -1.288205 
1.955555 -0.933594 
3.881040 -1.172991 
3.958702 -0.719904 
3.486683 -1.141456 
2.955403 -1.366719 
3.378916 -1.303157 
4.152517 -0.375262 
3.751385 -1.043166 
3.284085 -1.345603 
2.294441 -0.929971 
3.936143 -0.714137 
2.572651 -1.400647 
1.602543 -0.259639 
2.611969 -1.288181 
4.257425 -0.587706 
4.131712 -0.978694 
1.859519 -0.928373 
1.844827 -0.521984 
2.223342 -1.092346 
3.064656 -1.271833 
2.334592 -1.015044 
4.235009 -0.696790 
4.167726 -0.496496 
2.908613 -1.313914 
4.204858 -0.081517 
2.112434 -0.756170 
2.380671 -1.083287 
1.816611 -0.151681 
4.182710 -0.406164 
2.538906 -1.111673 
1.763723 -0.103806 
2.172674 -1.012772 
2.825858 -1.272215 
1.965721 -0.507207 
1.766119 -0.333252 
1.799920 -0.346642 
2.452037 -1.214259 
4.083807 -0.683037 
3.175568 -1.260251 
3.575270 -1.233076 
4.219060 -0.217607 
3.299589 -1.369572 
3.026867 -1.320476 
1.807709 -0.889735 
1.759777 -0.452389 
4.242353 -0.373332 
1.920186 -0.622406 
4.199955 -0.175451 
1.804137 -0.179354 
2.159573 -1.200488 
2.176662 -1.066241 
1.778817 -0.164823 
4.443109 -0.021112 
3.787580 -1.265746 
1.825244 -0.737888 
2.008891 -1.089706 
2.753567 -1.335035 
2.041294 -0.770617 
2.709691 -1.425303 
1.642652 -0.302797 
2.664371 -1.298857 
2.340082 -1.243477 
1.841257 -0.551632 
4.118484 -0.944211 
4.074808 -0.902222 
3.576471 -1.208895 
4.271479 -0.172343 
2.622267 -1.438700 
3.224666 -1.267707 
4.111531 -0.480342 
1.706190 -0.022583 
1.818912 -0.355315 
3.705215 -1.235617 
3.538478 -1.395844 
1.826941 -0.698721 
2.256429 -1.152783 
3.943384 -0.892920 
2.466539 -1.117784 
1.995653 -0.941974 
1.902584 -0.917388 
1.635975 -0.603229 
4.217854 -0.478978 
1.742394 -0.664600 
1.871476 -0.480438 
3.080613 -1.217804 
4.326842 -0.591954 
3.206440 -1.459932 
4.259733 -0.240623 
2.712480 -1.405148 
3.792077 -0.890485 
1.859134 -0.505128 
4.226270 -0.049656 
4.425062 -0.292419 
4.247393 -0.096146 
1.940171 -0.544329 
1.843124 -0.628931 
4.266290 -0.699783 
1.762387 -0.808846 
2.258744 -0.921850 
2.412148 -1.183540 
3.108025 -1.368036 
1.816133 -0.516081 
3.975764 -1.041596 
4.193591 -0.668104 
1.830983 -0.257010 
4.070101 -0.963340 
1.904310 -0.734113 
1.568602 -0.176347 
2.082844 -0.838161 
2.086244 -1.022637 
4.203196 -0.416668 
4.008085 -0.850671 
4.238690 -0.342896 
4.372777 -0.164019 
3.797594 -0.955244 
1.665697 -0.168995 
1.687648 -0.050190 
4.002667 -0.605103 
2.638922 -1.145046 
3.353349 -1.284119 
3.097854 -1.365195 
2.023034 -0.776631 
3.540618 -1.221655 
1.806884 -0.334651 
3.817947 -0.998864 
1.731354 -0.790200 
3.707101 -0.913626 
1.715001 -0.769476 
2.480878 -1.401200 
3.196299 -1.323302 
4.027422 -0.986729 
2.816578 -1.235749 
2.464260 -1.043072 
4.246764 -0.390066 
2.883305 -1.272116 
2.791140 -1.454483 
1.553185 -0.028245 
3.661876 -1.171805 
2.023450 -1.025776 
1.836659 -0.028982 
4.366620 -0.407705 
2.583263 -1.270934 
2.951539 -1.357370 
3.966841 -0.700963 
1.808664 -0.059452 
4.187265 -0.232822 
3.951243 -0.786422 
2.723947 -1.340366 
2.073134 -0.705921 
4.323273 -0.437472 
2.913093 -1.451365 
1.714445 -0.581598 
3.635062 -0.993830 
3.764746 -0.908670 
3.970372 -0.663482 
3.952042 -1.050840 
4.374259 -0.519631 
4.095248 -0.802376 
4.145513 -0.361517 
3.264448 -1.238358 
3.993208 -0.651119 
3.945139 -1.122038 
3.845404 -0.876954 
4.411526 -0.429600 
2.753911 -1.242641 
2.723307 -1.144544 
3.822117 -1.086095 
3.355474 -1.360288 
1.807257 -0.180424 
3.179835 -1.168462 
4.176631 -0.514054 
3.146440 -1.322415 
3.410528 -1.380294 
4.113660 -0.929003 
3.750368 -1.084289 
1.666767 -0.608598 
4.245857 -0.273613 
2.628360 -1.181180 
3.727191 -0.893022 
4.364229 -0.372876 
2.677671 -1.188306 
4.281977 -0.141170 
1.535387 -0.087462 
3.038908 -1.151398 
3.786618 -0.956880 
1.580861 -0.191036 
3.951702 -1.154872 
1.745572 -0.729071 
3.386006 -1.109495 
1.830453 -0.129185 
4.290735 -0.365804 
2.150201 -1.164116 
2.354156 -1.155117 
1.859323 -0.415964 
1.607622 -0.056366 
4.174553 -0.832798 
1.537811 -0.058639 
3.689646 -0.995793 
1.591562 -0.084775 
3.883241 -0.852910 
1.750207 -0.765893 
3.870483 -1.215881 
3.206153 -1.198057 
4.206328 -0.540838 
3.106163 -1.368400 
4.091263 -0.805586 
1.692835 -0.417671 
4.253550 -0.199374 
1.642811 -0.228444 
1.965320 -0.833182 
1.916109 -0.761365 
2.209331 -0.959699 
1.680093 -0.376483 
3.285735 -1.313810 
4.348441 -0.250975 
3.348807 -1.348260 
4.300129 -0.526541 
4.150012 -0.255161 
4.277730 -0.761501 
1.726659 -0.752126 
2.767198 -1.199311 
4.045372 -1.025459 
3.267970 -1.179946 
1.863485 -0.296875 
4.114343 -0.299350 
3.608469 -1.280840 
1.937497 -0.829636 
3.059274 -1.308435 
3.708130 -1.142653 
1.844553 -0.126953 
2.030136 -1.083176 
3.267974 -1.468930 
3.087657 -1.167521 
2.393803 -1.119477 
3.016173 -1.163173 
3.640153 -0.968830 
2.655329 -1.377893 
1.772740 -0.221082 
3.397145 -1.300149 
4.412850 -0.336484 
1.811243 -0.276257 
1.645680 -0.149764 
3.956555 -0.722311 
2.023462 -0.782364 
3.941375 -0.917632 
3.088807 -1.450780 
3.027634 -1.370535 
1.919522 -0.878439 
1.952549 -0.767108 
3.091246 -1.260116 
2.247425 -1.291014 
2.683442 -1.200698 
1.755077 -0.406010 
3.621702 -1.267674 
1.993921 -0.594902 
4.116670 -0.328981 
2.360664 -1.284697 
3.204963 -1.178773 
2.072477 -0.761424 
1.819282 -0.438657 
4.331218 -0.272325 
2.382774 -1.109116 
4.352414 -0.370293 
2.306262 -1.049870 
4.427746 -0.456738 
1.558053 -0.308575 
3.204404 -1.363184 
3.718501 -1.004904 
3.442485 -1.241378 
2.213873 -0.848249 
3.634775 -1.174190 
4.358206 -0.036860 
4.265014 -0.232126 
3.645882 -1.300367 
3.246011 -1.446231 
3.852436 -0.878957 
3.039227 -1.354756 
3.363997 -1.316928 
2.362217 -1.327172 
3.734106 -1.092916 
2.537063 -1.158549 
3.360990 -1.173703 
4.466124 -0.125544 
1.766788 -0.761838 
4.395818 -0.267460 
2.439517 -1.227906 
4.278829 -0.039786 
3.500418 -1.259814 
4.004867 -1.021210 
1.524963 -0.018757 
3.301668 -1.358395 
2.000878 -0.707969 
1.597365 -0.204053 
1.629516 -0.149910 
4.386759 -0.316930 
2.698400 -1.123607 
2.393054 -0.988964 
4.149916 -0.279613 
4.112614 -0.407390 
3.856348 -1.127527 
4.189183 -0.895996 
3.791205 -0.892338 
2.860247 -1.490476 
2.764168 -1.352351 
2.523443 -1.190218 
1.934492 -0.474396 
3.597955 -1.088428 
4.243088 -0.337884 
