0.194597 0.479090 
0.136626 0.540135 
1.155159 0.982728 
1.710516 1.021271 
1.943185 0.487639 
0.498874 0.756141 
1.088551 1.019807 
1.418463 0.869920 
2.279587 0.582003 
1.246581 1.028924 
-0.226036 0.376703 
2.169189 0.648587 
1.277598 1.106632 
0.327137 0.794693 
0.152283 0.756129 
2.436719 -0.023827 
1.815197 0.874031 
1.779713 0.786713 
2.386994 0.205883 
1.286560 1.177823 
1.947549 0.605225 
0.696442 1.051374 
-0.031276 0.514575 
2.177444 0.369971 
-0.050420 0.222452 
1.117292 1.116186 
-0.190568 0.125016 
1.645090 0.832575 
2.168153 0.685312 
1.559986 0.941650 
2.228790 0.547056 
1.633228 0.908721 
1.223042 0.938077 
2.335266 0.065545 
-0.133739 -0.048659 
-0.214103 0.190118 
0.562141 0.750204 
2.392696 0.264297 
1.351553 0.997196 
1.150955 0.931083 
1.304750 0.911766 
1.470109 0.964672 
1.842225 0.584040 
-0.117167 -0.121728 
1.735599 0.737662 
0.608102 0.922031 
0.627404 0.901214 
0.419955 0.766484 
2.156469 0.537574 
-0.092102 0.376139 
2.420380 -0.012310 
1.993397 0.584809 
1.187692 1.063596 
0.345992 0.853774 
0.439584 0.762489 
2.271015 0.140830 
-0.338368 -0.103219 
0.644226 0.770053 
2.025293 0.592792 
2.390417 0.030273 
-0.205454 -0.206699 
1.869734 0.895766 
2.498546 0.098663 
0.851103 0.862322 
-0.258373 0.204300 
1.361124 0.867822 
2.570117 -0.019549 
1.698220 0.793057 
2.342072 -0.212608 
0.490391 0.899367 
0.453477 0.976473 
0.968259 1.095768 
2.285372 -0.263359 
2.378182 0.226759 
0.459093 0.821444 
0.329079 0.612224 
1.895748 0.823317 
2.357481 -0.115330 
2.495585 0.217265 
1.831950 0.861128 
2.191162 0.314307 
0.477320 0.719809 
0.386535 0.714320 
1.623202 0.967391 
0.751486 1.050419 
0.020338 0.719253 
-0.155948 -0.276873 
1.584107 0.941645 
2.200151 0.547540 
1.271591 0.935572 
2.060501 0.479452 
-0.132253 -0.182083 
1.627784 0.788755 
2.147367 0.484803 
1.925238 0.766920 
0.133669 0.392610 
1.829822 0.610584 
1.173389 1.044998 
2.393446 0.174109 
2.403130 -0.214353 
2.375219 0.253807 
0.095046 0.782152 
0.662534 0.926385 
0.215761 0.528311 
-0.194713 -0.270632 
2.275319 0.337889 
1.840857 0.729323 
2.455464 -0.175340 
1.355069 1.040722 
1.513653 1.035379 
-0.006477 0.299496 
0.408927 0.892651 
0.027225 0.558718 
-0.239550 -0.173207 
-0.186085 0.240406 
0.419773 0.885964 
2.234702 0.069973 
-0.324843 -0.190716 
2.319415 -0.189829 
0.375583 0.717995 
2.336911 0.133687 
1.884178 0.749855 
1.509361 0.823360 
2.460512 0.020990 
2.400720 -0.274876 
-0.112075 -0.219753 
0.896237 0.930857 
0.096207 0.462889 
1.388309 0.985077 
-0.043656 0.404706 
0.029797 0.651898 
2.119594 0.618371 
0.823861 0.929849 
0.113438 0.499488 
1.898409 0.751378 
-0.018918 0.076383 
1.041385 0.932117 
1.497063 0.936770 
2.391652 0.170022 
2.358301 0.399367 
-0.365333 -0.250157 
0.087727 0.519306 
2.356859 -0.241483 
0.037512 0.743334 
2.145647 0.368477 
0.012081 0.399883 
0.534775 0.779705 
-0.266081 0.152200 
0.308811 0.889493 
0.413124 0.988766 
1.107664 0.934041 
1.906957 0.898282 
1.856625 0.807275 
1.917147 0.576172 
1.227594 0.879820 
2.303196 -0.085140 
0.822712 1.048314 
2.235967 0.258456 
0.749523 1.127167 
1.212534 1.173718 
2.571144 -0.210341 
2.162336 0.202858 
-0.162296 0.094801 
2.411041 -0.085626 
0.400086 0.908320 
1.646189 0.754431 
0.494445 0.800082 
0.342943 0.730840 
2.271048 -0.207461 
1.072537 0.858228 
2.254311 0.431861 
2.339359 0.013921 
1.352041 0.912156 
0.008385 0.499492 
0.067175 0.688618 
2.298329 0.090914 
2.297849 0.527987 
2.370997 -0.259158 
1.828742 0.999000 
1.236058 1.050049 
2.113753 0.748004 
2.117559 0.342899 
0.192366 0.605376 
2.221380 0.132071 
0.281989 0.706900 
2.074819 0.550149 
-0.292352 -0.059801 
0.757127 0.999635 
0.322645 0.680360 
0.037806 0.531585 
1.060962 0.925746 
-0.100386 -0.048371 
-0.290717 0.175610 
0.273530 0.918570 
0.441994 0.755274 
0.579425 0.754724 
2.069092 0.321366 
1.046002 0.975604 
2.368994 -0.139536 
1.064458 0.917922 
0.331616 0.880199 
2.415430 -0.246048 
2.476019 -0.235342 
0.624055 0.805667 
2.445178 0.336244 
-0.183906 0.013599 
2.276822 0.549354 
2.249605 0.422259 
0.481048 1.007044 
1.768129 0.743707 
0.910168 1.165783 
1.939357 0.942312 
1.493195 0.911847 
0.554659 0.884392 
2.242258 0.522609 
1.978660 0.645778 
1.733767 0.684205 
1.906005 0.768214 
-0.361930 -0.161682 
1.465674 0.940389 
0.754535 1.116077 
0.213601 0.573170 
-0.258076 0.216290 
2.143781 0.547739 
1.044254 1.104869 
1.750481 0.713141 
1.316748 1.140571 
2.134063 0.208999 
2.485154 0.227714 
1.099943 1.197661 
0.033537 0.290693 
-0.149611 0.091737 
-0.110113 0.479238 
1.293170 0.838228 
0.229227 0.778333 
1.988633 0.489903 
0.057883 0.293873 
2.090132 0.457715 
2.187556 0.266205 
0.665490 0.986902 
2.584647 -0.201576 
-0.362009 0.033076 
2.207768 0.531928 
2.033823 0.543629 
-0.065485 0.605639 
1.607051 0.807841 
1.543251 0.858149 
2.053024 0.774896 
2.464613 -0.003183 
-0.039860 0.412315 
1.048008 1.163840 
2.253606 -0.122637 
-0.115685 0.513653 
1.217023 1.146829 
-0.299412 -0.121080 
0.740175 0.797649 
2.573010 -0.152152 
0.106276 0.776914 
2.375592 -0.040451 
2.295226 -0.295745 
2.311753 0.012675 
1.233260 1.054554 
-0.073297 -0.189479 
1.957241 0.877100 
2.311646 0.262782 
0.261862 0.682913 
1.865831 0.702980 
2.416297 -0.015251 
2.265320 0.400596 
1.494840 1.091341 
2.131914 0.477595 
2.307922 0.082629 
2.365949 0.321910 
1.176442 0.905413 
-0.310976 0.034471 
1.344635 0.916009 
-0.129835 0.474987 
1.878628 0.714580 
0.789524 0.982551 
1.997155 0.804273 
0.281532 0.649299 
2.045696 0.611669 
0.400758 0.915991 
1.143897 0.914440 
0.585585 0.934970 
-0.240939 -0.167056 
2.365112 0.454074 
2.323184 0.385574 
0.086707 0.753854 
2.198378 0.266352 
1.333233 1.167509 
1.346356 0.959571 
0.338150 0.835998 
0.035270 0.219011 
2.508077 -0.060415 
-0.038601 0.195362 
0.182929 0.507855 
2.288368 0.349554 
0.340192 0.828884 
0.355578 0.752358 
-0.307077 -0.115525 
1.789902 0.725421 
2.542184 0.037777 
2.549602 -0.074587 
0.494290 0.737197 
1.511160 0.795498 
1.007319 0.885967 
1.878115 0.649427 
-0.187360 0.453528 
-0.084014 -0.202915 
1.016576 0.906833 
0.149366 0.531738 
2.227586 0.215691 
0.151535 0.375876 
-0.042411 -0.121954 
1.899860 0.821026 
0.910616 0.991231 
0.808324 0.859858 
0.387624 0.900721 
1.599208 0.774788 
1.056737 1.003543 
-0.038274 0.178577 
1.333050 0.920484 
-0.089658 0.099229 
1.917839 0.748437 
2.306676 0.053150 
1.865319 0.783793 
1.505150 0.785016 
2.007997 0.764080 
0.228034 0.744404 
2.387379 0.320171 
0.968675 1.183235 
-0.111802 0.193665 
1.850241 0.946301 
2.208209 0.490332 
2.194515 0.329397 
1.535725 1.076516 
1.409366 0.858433 
1.275354 1.083935 
-0.306111 -0.254022 
1.844472 0.680395 
0.690240 0.845066 
-0.181881 0.251596 
0.457376 0.810814 
-0.238150 -0.163064 
1.175692 1.141179 
-0.361420 -0.141718 
1.439423 1.016960 
2.021779 0.447631 
2.190210 0.419140 
0.079982 0.670682 
1.997295 0.638198 
2.051256 0.837500 
0.680623 1.118696 
1.070762 1.121578 
2.347971 -0.030271 
-0.070886 -0.262579 
2.286092 0.596040 
2.005182 0.827996 
0.309299 0.790149 
2.221020 0.645935 
-0.010088 0.660834 
2.420814 0.008876 
2.229028 0.591030 
2.096836 0.721854 
-0.165317 0.178280 
0.804018 0.901565 
2.300089 0.382407 
1.678081 0.936452 
0.228696 0.808340 
-0.220502 0.277619 
1.169611 1.111386 
1.580822 0.961432 
-0.067551 0.555655 
0.659494 0.970224 
0.456911 0.921820 
2.365031 -0.081688 
0.513865 0.876133 
1.106231 0.954180 
0.963000 1.003200 
1.004607 1.168839 
-0.232565 -0.197790 
0.790850 1.005885 
-0.277061 0.283435 
1.014090 1.042013 
-0.056271 0.615792 
2.253743 0.609035 
0.164634 0.435210 
2.292191 -0.229084 
1.037202 1.067869 
-0.369646 -0.018603 
2.014618 0.755032 
1.469914 0.971679 
-0.057476 0.173999 
1.032914 1.037826 
1.730283 0.699422 
1.901666 0.755928 
2.335965 0.249653 
2.099268 0.555934 
1.271314 0.921093 
2.396314 0.412606 
0.063954 0.507996 
-0.222325 0.403654 
2.145965 0.247366 
1.610074 0.894704 
0.817753 1.142572 
2.314569 -0.191204 
2.118969 0.782511 
0.463352 0.994322 
2.304523 0.478370 
-0.075008 0.127774 
0.385791 0.994106 
2.175167 0.695326 
1.578078 1.110568 
2.479808 -0.215322 
0.181116 0.574330 
1.002512 0.918606 
0.933228 1.172526 
2.238198 0.475412 
0.321957 0.666266 
-0.351520 0.064971 
1.666223 0.822016 
-0.132942 0.525934 
1.444187 0.998266 
0.242681 0.611532 
-0.364270 -0.178796 
1.962457 0.733025 
1.857223 0.828895 
1.756293 0.946532 
0.028285 0.171581 
1.590559 0.789496 
2.394101 -0.182706 
2.081836 0.357038 
0.719321 0.935873 
1.072669 1.021794 
2.141276 0.592153 
0.675257 0.822491 
0.589883 0.937670 
1.675900 0.718096 
2.402213 -0.103641 
0.175742 0.607040 
1.119587 0.945843 
0.827712 1.018874 
1.671111 0.997778 
1.660144 0.950712 
-0.307210 0.152580 
2.528825 -0.006015 
2.036160 0.527624 
1.448338 0.898448 
0.461934 0.874000 
0.513295 1.044319 
0.207865 0.474330 
0.076526 0.440405 
0.140101 0.687966 
2.148792 0.508145 
2.420419 0.088697 
2.268616 0.184322 
1.409867 1.055217 
1.222559 1.139738 
2.367350 0.167251 
2.096779 0.707683 
2.253735 0.397621 
-0.328300 0.048438 
1.290964 0.987024 
0.356950 0.861224 
-0.285621 0.268009 
2.048205 0.435442 
2.275703 -0.194134 
2.502423 -0.273979 
-0.041766 -0.015991 
1.933614 0.826316 
-0.120829 0.198947 
0.147194 0.393142 
2.214859 0.627503 
1.932552 0.833775 
1.046069 1.023116 
2.379411 0.482882 
1.128370 1.099487 
2.505866 -0.096120 
1.764328 0.948676 
-0.072751 0.507736 
0.415809 0.904754 
1.673231 1.046793 
0.063373 0.566066 
2.173269 0.310935 
-0.072271 -0.299064 
1.836310 0.713823 
0.386626 0.818196 
1.471664 1.140993 
0.949530 0.910037 
2.312516 0.191074 
2.147601 0.724072 
2.218505 0.218716 
2.182437 0.280295 
2.287732 -0.228316 
2.408763 0.198164 
1.133366 1.175833 
2.366507 -0.256314 
2.371702 0.306087 
0.183698 0.399786 
